1 index 0.0011919467098769213
2 United_States_09d4 9.533863911056985e-05
3 Geographic_coordinate_system 7.703124125100928e-05
4 Biography 6.526698913584682e-05
5 2007 5.585119339302518e-05
6 France 4.026033265957536e-05
7 2008 3.539356622339368e-05
8 Biological_classification 3.5340621295943e-05
9 United_Kingdom_5ad7 3.5058135172410166e-05
10 Music_genre 3.446499163110947e-05
11 Record_label 3.409908749707988e-05
12 England 3.0794900828553886e-05
13 2006 3.0453664807842784e-05
14 Canada 2.643665327941916e-05
15 2005 2.443005863561345e-05
16 Internet_Movie_Database_7ea7 2.421105185540879e-05
17 Binomial_nomenclature 2.2972482718749253e-05
18 India 2.1299378882650576e-05
19 Australia 2.116094742649033e-05
20 Personal_name 2.1136967608400846e-05
21 Germany 2.0396974835533005e-05
22 Departments_of_France_f3ab 1.9964749467795253e-05
23 Studio_album 1.9363119265505154e-05
24 Village 1.8479935157859045e-05
25 2004 1.8168548033156236e-05
26 Football_%28soccer%29 1.7736663921939396e-05
27 Japan 1.7716563901006586e-05
28 Record_producer 1.7063214355634824e-05
29 English_language 1.5418203442770822e-05
30 Politician 1.4916017226639334e-05
31 Conservation_status 1.4907920309005047e-05
32 2003 1.481608582580944e-05
33 Animal 1.3097448722374897e-05
34 Population_density 1.3087534856622723e-05
35 2001 1.3025460560343186e-05
36 London 1.2955851659695256e-05
37 Europe 1.284406957966884e-05
38 Italy 1.2727073580895561e-05
39 World_War_II_d045 1.258155026026911e-05
40 Website 1.2530474126460378e-05
41 Album 1.2475691268453938e-05
42 Romania 1.2315214994348196e-05
43 2002 1.2260607073168261e-05
44 Metre 1.2255198995949464e-05
45 Wiktionary 1.2048107700450157e-05
46 Time_zone 1.1310487201072724e-05
47 1999 1.1303606857879766e-05
48 2000 1.1266799772153921e-05
49 Public_domain 1.100678870568117e-05
50 Plant 1.0687198179216435e-05
51 Square_mile 1.0304175652624304e-05
52 Elevation 1.0230493046338261e-05
53 Actor 1.0200224670986697e-05
54 Spain 1.0153818169445086e-05
55 Area 9.94700598283062e-06
56 Square_kilometer 9.926237343934487e-06
57 1998 9.545664260100171e-06
58 Digital_object_identifier 9.51028470141817e-06
59 Poland 9.47068379829519e-06
60 Population 9.441130609209673e-06
61 Flowering_plant 9.412875641038837e-06
62 New_York_City_1428 9.392917886410687e-06
63 New_York_3da4 9.381378514053656e-06
64 California 9.305383621914022e-06
65 Sweden 9.28133736622646e-06
66 Scotland 9.263174585549721e-06
67 Television 9.23730476564149e-06
68 Film 9.120618178721312e-06
69 China 9.073265205373488e-06
70 Norway 9.02533360047128e-06
71 Animalia 8.972157898585105e-06
72 Russia 8.721759273609289e-06
73 1997 8.643553856119767e-06
74 Brazil 8.63690595985506e-06
75 1996 8.367912451089967e-06
